1 - blue
2 - green
3 - red
0 - no color
99 - shoud be blank if no values are presents

colorCodes<- data.frame(fillCode, borderCode)


fillCode<- c(  
1	,
1	,
1	,
1	,
1	,
1	,
1	,
1	,
1	,
1	,
1	,
1	,
1	,
1	,
1	,
1	,
0	,
0	,
0	,
0	,
0	,
0	,
0	,
0	,
3	,
3	,
3	,
3	,
99	,
99	,
99	,
99	,
3	,
3	,
3	,
3	,
99	,
99	,
99	,
99	,
3	,
3	,
3	,
3	,
99	,
99	,
99	,
99	,
3	,
3	,
3	,
3	,
99	,
99	,
99	,
99	,
3	,
99	,
99	,
99	,
99	,
99	,
99	,
99	
)


borderCode <- c(
0	,
0	,
0	,
0	,
2	,
2	,
2	,
2	,
0	,
0	,
0	,
0	,
2	,
2	,
2	,
2	,
0	,
0	,
0	,
0	,
0	,
0	,
0	,
0	,
0	,
0	,
0	,
0	,
99	,
99	,
99	,
99	,
0	,
0	,
0	,
0	,
99	,
99	,
99	,
99	,
0	,
0	,
0	,
0	,
99	,
99	,
99	,
99	,
0	,
0	,
0	,
0	,
99	,
99	,
99	,
99	,
3	,
99	,
99	,
99	,
99	,
99	,
99	,
99	)